[face]
450 100
600 350
400 650
200 350
350 100

[hat]
350 100
450 100
650 100
450 100
400 50
350 100

[nose]
400 250
390 250
350 270
450 270
410 250
400 250

[upperlip]
400 300
390 300
320 320
370 340
400 270
420 340
480 320
410 300
400 300

[lowerlip]
400 333
390 333
320 313
370 293
400 363
420 293
480 313
410 333
400 333

[rightBrow]
410 180
425 175
440 180

[leftBrow]
350 180
365 175
380 180

[rightTears]
440 200
440 210
440 220

[rightEyes]
410 200
425 200
440 200

[leftEyes]
350 200
365 200
380 200